b) Método de Jacobi:
J:
[[0.   0.25 0.   0.   0.25 0.   0.   0.   0.   0.   0.   0.  ]
 [0.25 0.   0.25 0.   0.   0.   0.   0.   0.   0.   0.   0.  ]
 [0.   0.25 0.   0.25 0.   0.   0.   0.   0.   0.   0.   0.  ]
 [0.   0.   0.25 0.   0.   0.25 0.   0.   0.   0.   0.   0.  ]
 [0.25 0.   0.   0.   0.   0.   0.25 0.   0.   0.   0.   0.  ]
 [0.   0.   0.   0.25 0.   0.   0.   0.25 0.   0.   0.   0.  ]
 [0.   0.   0.   0.   0.25 0.   0.   0.   0.25 0.   0.   0.  ]
 [0.   0.   0.   0.   0.   0.25 0.   0.   0.   0.   0.   0.25]
 [0.   0.   0.   0.   0.   0.   0.25 0.   0.   0.25 0.   0.  ]
 [0.   0.   0.   0.   0.   0.   0.   0.   0.25 0.   0.25 0.  ]
 [0.   0.   0.   0.   0.   0.   0.   0.   0.   0.25 0.   0.25]
 [0.   0.   0.   0.   0.   0.25 0.   0.   0.   0.   0.25 0.  ]]
c:
[55.  27.5 27.5 55.  27.5 27.5 27.5 27.5 55.  27.5 27.5 55. ]
x⁰:
[0. 0. 0. 0. 0. 0. 0. 0. 0. 0. 0. 0.]
1):
[55.  27.5 27.5 55.  27.5 27.5 27.5 27.5 55.  27.5 27.5 55. ]
Error: 20.625 

2):
[68.75  48.125 48.125 68.75  48.125 48.125 48.125 48.125 68.75  48.125
 48.125 68.75 ]
Error: 10.3125 

3):
[79.0625  56.71875 56.71875 79.0625  56.71875 56.71875 56.71875 56.71875
 79.0625  56.71875 56.71875 79.0625 ]
Error: 4.7265625 

4):
[83.359375  61.4453125 61.4453125 83.359375  61.4453125 61.4453125
 61.4453125 61.4453125 83.359375  61.4453125 61.4453125 83.359375 ]
Error: 2.36328125 

5):
[85.72265625 63.70117188 63.70117188 85.72265625 63.70117188 63.70117188
 63.70117188 63.70117188 85.72265625 63.70117188 63.70117188 85.72265625]
Error: 1.15478515625 

6):
[86.85058594 64.85595703 64.85595703 86.85058594 64.85595703 64.85595703
 64.85595703 64.85595703 86.85058594 64.85595703 64.85595703 86.85058594]
Error: 0.577392578125 

7):
[87.42797852 65.42663574 65.42663574 87.42797852 65.42663574 65.42663574
 65.42663574 65.42663574 87.42797852 65.42663574 65.42663574 87.42797852]
Error: 0.287017822265625 

8):
[87.71331787 65.71365356 65.71365356 87.71331787 65.71365356 65.71365356
 65.71365356 65.71365356 87.71331787 65.71365356 65.71365356 87.71331787]
Error: 0.1435089111328125 

9):
[87.85682678 65.85674286 65.85674286 87.85682678 65.85674286 65.85674286
 65.85674286 65.85674286 87.85682678 65.85674286 65.85674286 87.85682678]
Error: 0.07164955139160156 

10):
[87.92837143 65.92839241 65.92839241 87.92837143 65.92839241 65.92839241
 65.92839241 65.92839241 87.92837143 65.92839241 65.92839241 87.92837143]
Error: 0.03582477569580078 

11):
[87.96419621 65.96419096 65.96419096 87.96419621 65.96419096 65.96419096
 65.96419096 65.96419096 87.96419621 65.96419096 65.96419096 87.96419621]
Error: 0.017905831336975098 

12):
[87.98209548 65.98209679 65.98209679 87.98209548 65.98209679 65.98209679
 65.98209679 65.98209679 87.98209548 65.98209679 65.98209679 87.98209548]
Error: 0.008952915668487549 

x:
[87.9910484  65.99104807 65.99104807 87.9910484  65.99104807 65.99104807
 65.99104807 65.99104807 87.9910484  65.99104807 65.99104807 87.9910484 ]
