c) Método de Gauss-Seidel:
G:
[[0.   0.25 0.   0.   0.25 0.   0.   0.   0.   0.   0.   0.  ]
 [0.25 0.   0.25 0.   0.   0.   0.   0.   0.   0.   0.   0.  ]
 [0.   0.25 0.   0.25 0.   0.   0.   0.   0.   0.   0.   0.  ]
 [0.   0.   0.25 0.   0.   0.25 0.   0.   0.   0.   0.   0.  ]
 [0.25 0.   0.   0.   0.   0.   0.25 0.   0.   0.   0.   0.  ]
 [0.   0.   0.   0.25 0.   0.   0.   0.25 0.   0.   0.   0.  ]
 [0.   0.   0.   0.   0.25 0.   0.   0.   0.25 0.   0.   0.  ]
 [0.   0.   0.   0.   0.   0.25 0.   0.   0.   0.   0.   0.25]
 [0.   0.   0.   0.   0.   0.   0.25 0.   0.   0.25 0.   0.  ]
 [0.   0.   0.   0.   0.   0.   0.   0.   0.25 0.   0.25 0.  ]
 [0.   0.   0.   0.   0.   0.   0.   0.   0.   0.25 0.   0.25]
 [0.   0.   0.   0.   0.   0.25 0.   0.   0.   0.   0.25 0.  ]]
c:
[55.  27.5 27.5 55.  27.5 27.5 27.5 27.5 55.  27.5 27.5 55. ]
x⁰:
[0. 0. 0. 0. 0. 0. 0. 0. 0. 0. 0. 0.]
1):
[55.         41.25       37.8125     64.453125   41.25       43.61328125
 37.8125     38.40332031 64.453125   43.61328125 38.40332031 75.50415039]
Error: 22.26654052734375 

2):
[75.625      55.859375   57.578125   80.29785156 55.859375   57.17529297
 57.578125   60.66986084 80.29785156 57.17529297 60.66986084 84.46128845]
Error: 7.3046875 

3):
[82.9296875  62.62695312 63.23120117 85.10162354 62.62695312 63.94287109
 63.23120117 64.60103989 85.10162354 63.94287109 64.60103989 87.13597775]
Error: 3.3837890625 

4):
[86.31347656 64.88616943 64.99694824 87.23495483 64.88616943 65.45899868
 64.99694824 65.64874411 87.23495483 65.45899868 65.64874411 87.7769357 ]
Error: 1.129608154296875 

5):
[87.44308472 65.61000824 65.71124077 87.79255986 65.61000824 65.86032599
 65.71124077 65.90931542 87.79255986 65.86032599 65.90931542 87.94241035]
Error: 0.3619194030761719 

6):
[87.80500412 65.87906122 65.91790527 87.94455782 65.87906122 65.96346831
 65.91790527 65.97646967 87.94455782 65.96346831 65.97646967 87.98498449]
Error: 0.13452649116516113 

7):
[87.93953061 65.96435897 65.9772292  87.98517438 65.96435897 65.99041101
 65.9772292  65.99384888 87.98517438 65.99041101 65.99384888 87.99606497]
Error: 0.04264887422323227 

8):
[87.98217949 65.98985217 65.99375664 87.99604191 65.98985217 65.9974727
 65.99375664 65.99838442 87.99604191 65.9974727  65.99838442 87.99896428]
Error: 0.012746599968522787 

9):
[87.99492609 65.99717068 65.99830315 87.99894396 65.99717068 65.99933209
 65.99830315 65.99957409 87.99894396 65.99933209 65.99957409 87.99972655]
Error: 0.003659255016827956 

x:
[87.99858534 65.99922212 65.99954152 87.9997184  65.99922212 65.99982312
 65.99954152 65.99988742 87.9997184  65.99982312 65.99988742 87.99992764]
