b) Metodo de Jacobi:
J:
 |    0.0000000    0.2500000    0.0000000    0.0000000    0.2500000    0.0000000    0.0000000    0.0000000    0.0000000    0.0000000    0.0000000    0.0000000 |
 |    0.2500000    0.0000000    0.2500000    0.0000000    0.0000000    0.0000000    0.0000000    0.0000000    0.0000000    0.0000000    0.0000000    0.0000000 |
 |    0.0000000    0.2500000    0.0000000    0.2500000    0.0000000    0.0000000    0.0000000    0.0000000    0.0000000    0.0000000    0.0000000    0.0000000 |
 |    0.0000000    0.0000000    0.2500000    0.0000000    0.0000000    0.2500000    0.0000000    0.0000000    0.0000000    0.0000000    0.0000000    0.0000000 |
 |    0.2500000    0.0000000    0.0000000    0.0000000    0.0000000    0.0000000    0.2500000    0.0000000    0.0000000    0.0000000    0.0000000    0.0000000 |
 |    0.0000000    0.0000000    0.0000000    0.2500000    0.0000000    0.0000000    0.0000000    0.2500000    0.0000000    0.0000000    0.0000000    0.0000000 |
 |    0.0000000    0.0000000    0.0000000    0.0000000    0.2500000    0.0000000    0.0000000    0.0000000    0.2500000    0.0000000    0.0000000    0.0000000 |
 |    0.0000000    0.0000000    0.0000000    0.0000000    0.0000000    0.2500000    0.0000000    0.0000000    0.0000000    0.0000000    0.0000000    0.2500000 |
 |    0.0000000    0.0000000    0.0000000    0.0000000    0.0000000    0.0000000    0.2500000    0.0000000    0.0000000    0.2500000    0.0000000    0.0000000 |
 |    0.0000000    0.0000000    0.0000000    0.0000000    0.0000000    0.0000000    0.0000000    0.0000000    0.2500000    0.0000000    0.2500000    0.0000000 |
 |    0.0000000    0.0000000    0.0000000    0.0000000    0.0000000    0.0000000    0.0000000    0.0000000    0.0000000    0.2500000    0.0000000    0.2500000 |
 |    0.0000000    0.0000000    0.0000000    0.0000000    0.0000000    0.2500000    0.0000000    0.0000000    0.0000000    0.0000000    0.2500000    0.0000000 |
c:
  | 55.0000000|
  | 27.5000000|
  | 27.5000000|
  | 55.0000000|
  | 27.5000000|
  | 27.5000000|
  | 27.5000000|
  | 27.5000000|
  | 55.0000000|
  | 27.5000000|
  | 27.5000000|
  | 55.0000000|
Solucion:
k                                                                   x                                                                  Error
0   0.0000000  0.0000000  0.0000000  0.0000000  0.0000000  0.0000000  0.0000000  0.0000000  0.0000000  0.0000000  0.0000000  0.0000000 
1  55.0000000 27.5000000 27.5000000 55.0000000 27.5000000 27.5000000 27.5000000 27.5000000 55.0000000 27.5000000 27.5000000 55.0000000 55.0000000
2  68.7500000 48.1250000 48.1250000 68.7500000 48.1250000 48.1250000 48.1250000 48.1250000 68.7500000 48.1250000 48.1250000 68.7500000 20.6250000
3  79.0625000 56.7187500 56.7187500 79.0625000 56.7187500 56.7187500 56.7187500 56.7187500 79.0625000 56.7187500 56.7187500 79.0625000 10.3125000
4  83.3593750 61.4453125 61.4453125 83.3593750 61.4453125 61.4453125 61.4453125 61.4453125 83.3593750 61.4453125 61.4453125 83.3593750 4.7265625
5  85.7226562 63.7011719 63.7011719 85.7226562 63.7011719 63.7011719 63.7011719 63.7011719 85.7226562 63.7011719 63.7011719 85.7226562 2.3632812
6  86.8505859 64.8559570 64.8559570 86.8505859 64.8559570 64.8559570 64.8559570 64.8559570 86.8505859 64.8559570 64.8559570 86.8505859 1.1547852
7  87.4279785 65.4266357 65.4266357 87.4279785 65.4266357 65.4266357 65.4266357 65.4266357 87.4279785 65.4266357 65.4266357 87.4279785 0.5773926
8  87.7133179 65.7136536 65.7136536 87.7133179 65.7136536 65.7136536 65.7136536 65.7136536 87.7133179 65.7136536 65.7136536 87.7133179 0.2870178
9  87.8568268 65.8567429 65.8567429 87.8568268 65.8567429 65.8567429 65.8567429 65.8567429 87.8568268 65.8567429 65.8567429 87.8568268 0.1435089
10 87.9283714 65.9283924 65.9283924 87.9283714 65.9283924 65.9283924 65.9283924 65.9283924 87.9283714 65.9283924 65.9283924 87.9283714 0.0716496
11 87.9641962 65.9641910 65.9641910 87.9641962 65.9641910 65.9641910 65.9641910 65.9641910 87.9641962 65.9641910 65.9641910 87.9641962 0.0358248
12 87.9820955 65.9820968 65.9820968 87.9820955 65.9820968 65.9820968 65.9820968 65.9820968 87.9820955 65.9820968 65.9820968 87.9820955 0.0179058