c) Metodo de Gauss-Seidel:
G:
 |    0.0000000    0.2500000    0.0000000    0.0000000    0.2500000    0.0000000    0.0000000    0.0000000    0.0000000    0.0000000    0.0000000    0.0000000 |
 |    0.2500000    0.0000000    0.2500000    0.0000000    0.0000000    0.0000000    0.0000000    0.0000000    0.0000000    0.0000000    0.0000000    0.0000000 |
 |    0.0000000    0.2500000    0.0000000    0.2500000    0.0000000    0.0000000    0.0000000    0.0000000    0.0000000    0.0000000    0.0000000    0.0000000 |
 |    0.0000000    0.0000000    0.2500000    0.0000000    0.0000000    0.2500000    0.0000000    0.0000000    0.0000000    0.0000000    0.0000000    0.0000000 |
 |    0.2500000    0.0000000    0.0000000    0.0000000    0.0000000    0.0000000    0.2500000    0.0000000    0.0000000    0.0000000    0.0000000    0.0000000 |
 |    0.0000000    0.0000000    0.0000000    0.2500000    0.0000000    0.0000000    0.0000000    0.2500000    0.0000000    0.0000000    0.0000000    0.0000000 |
 |    0.0000000    0.0000000    0.0000000    0.0000000    0.2500000    0.0000000    0.0000000    0.0000000    0.2500000    0.0000000    0.0000000    0.0000000 |
 |    0.0000000    0.0000000    0.0000000    0.0000000    0.0000000    0.2500000    0.0000000    0.0000000    0.0000000    0.0000000    0.0000000    0.2500000 |
 |    0.0000000    0.0000000    0.0000000    0.0000000    0.0000000    0.0000000    0.2500000    0.0000000    0.0000000    0.2500000    0.0000000    0.0000000 |
 |    0.0000000    0.0000000    0.0000000    0.0000000    0.0000000    0.0000000    0.0000000    0.0000000    0.2500000    0.0000000    0.2500000    0.0000000 |
 |    0.0000000    0.0000000    0.0000000    0.0000000    0.0000000    0.0000000    0.0000000    0.0000000    0.0000000    0.2500000    0.0000000    0.2500000 |
 |    0.0000000    0.0000000    0.0000000    0.0000000    0.0000000    0.2500000    0.0000000    0.0000000    0.0000000    0.0000000    0.2500000    0.0000000 |
c:
  | 55.0000000|
  | 27.5000000|
  | 27.5000000|
  | 55.0000000|
  | 27.5000000|
  | 27.5000000|
  | 27.5000000|
  | 27.5000000|
  | 55.0000000|
  | 27.5000000|
  | 27.5000000|
  | 55.0000000|
Solucion:
k                                                                   x                                                                  Error
0   0.0000000  0.0000000  0.0000000  0.0000000  0.0000000  0.0000000  0.0000000  0.0000000  0.0000000  0.0000000  0.0000000  0.0000000 
1  55.0000000 41.2500000 37.8125000 64.4531250 41.2500000 43.6132812 37.8125000 38.4033203 64.4531250 43.6132812 38.4033203 75.5041504 75.5041504
2  75.6250000 55.8593750 57.5781250 80.2978516 55.8593750 57.1752930 57.5781250 60.6698608 80.2978516 57.1752930 60.6698608 84.4612885 22.2665405
3  82.9296875 62.6269531 63.2312012 85.1016235 62.6269531 63.9428711 63.2312012 64.6010399 85.1016235 63.9428711 64.6010399 87.1359777 7.3046875
4  86.3134766 64.8861694 64.9969482 87.2349548 64.8861694 65.4589987 64.9969482 65.6487441 87.2349548 65.4589987 65.6487441 87.7769357 3.3837891
5  87.4430847 65.6100082 65.7112408 87.7925599 65.6100082 65.8603260 65.7112408 65.9093154 87.7925599 65.8603260 65.9093154 87.9424104 1.1296082
6  87.8050041 65.8790612 65.9179053 87.9445578 65.8790612 65.9634683 65.9179053 65.9764697 87.9445578 65.9634683 65.9764697 87.9849845 0.3619194
7  87.9395306 65.9643590 65.9772292 87.9851744 65.9643590 65.9904110 65.9772292 65.9938489 87.9851744 65.9904110 65.9938489 87.9960650 0.1345265
8  87.9821795 65.9898522 65.9937566 87.9960419 65.9898522 65.9974727 65.9937566 65.9983844 87.9960419 65.9974727 65.9983844 87.9989643 0.0426489
9  87.9949261 65.9971707 65.9983031 87.9989440 65.9971707 65.9993321 65.9983031 65.9995741 87.9989440 65.9993321 65.9995741 87.9997265 0.0127466